4245 62.693795039158445
5120 1426.6180453431678
5123 1570.6508130745178
517 548.9110450391921
4614 121.39052632036471
4107 217.6030070261006
5781 237.29605042119536
13 231.21486693284666
533 2723.073278422321
536 1894.6228704349535
5807 685.7044766117631
2589 1057.757092537641
545 1425.0193416546226
1572 2888.3670777211933
5160 1568.9210325881327
2604 819.7723426960068
558 1589.3882257056644
5168 421.4925549722332
5896 208.9031079466881
2611 1046.8381828327213
6997 470.5980031783396
566 563.0700310298324
1592 3036.0367008024928
1601 2682.9494477974317
1094 240.9506371489479
3145 355.89383079847
1612 592.859609954234
591 1105.3458571853366
2642 685.4898625077905
3669 235.18218662835432
2646 989.2468293147543
1111 97.95441261250333
5724 67.47074015151595
1635 852.2814023731954
3942 997.4565398475279
1638 861.2442591013154
6764 117.39011530547549
110 427.11580342617805
3190 1646.1964592094039
4215 52.83131486992861
5756 92.0944251527176
4733 313.91160094868957
127 348.9974348923295
5249 185.73498480663966
6793 168.6651527023873
5772 116.32465768047835
5262 966.1693064472313
2709 244.2530124573701
6301 118.5655794298518
1694 150.61104487125255
2757 239.80203541995513
3232 3513.9868335301258
161 2599.663871433208
1699 401.6058692538237
164 2096.6057247227527
5819 358.62942927217233
5799 551.039822811898
5289 99.40317392383194
6826 727.9805163970838
5803 1236.3475858381737
3757 1545.1270300318756
1710 875.3695419115678
3759 958.7252341282501
5808 469.4378879699321
4275 135.57916658799348
184 106.62017952350926
3770 227.96582935571723
3259 2277.648608787253
2748 144.08985031366893
4797 193.671218406147
703 124.55629403293122
1216 295.60329531006124
5825 262.12337604380417
3778 447.72716703406985
3787 430.34719358635624
2678 301.508080723015
3784 342.4361637563985
5321 133.68851669857952
3275 1554.3360449407487
1229 1649.9002881320657
3789 562.1981988709423
3792 392.51852046712906
2769 351.647054997893
3794 390.76409416490696
3797 316.2745685976364
3798 328.497019230859
6873 885.8872300170779
4828 532.6852371898278
3805 327.0865850275353
3807 310.87651928173597
5856 833.2115735282526
3809 343.23534306602966
5859 784.7604180676794
5841 188.94828560946868
1256 1504.7395239956322
3818 300.52990453804443
3820 399.5546086916139
1773 218.6224212802593
2803 1558.063273017788
1268 2382.3612589572053
3829 1049.4603691477978
3318 1188.3326432785261
6394 371.9499443052501
5883 689.7888243509948
4350 238.5168349954665
1793 341.97339583973644
3844 319.15709101109104
4872 914.9499409332861
777 152.5185340722611
6922 315.9493893696453
6427 180.5850109575181
6946 509.86922768823774
1321 137.05149892699265
4907 554.3123840085713
4061 351.93097394217006
3376 1047.0883114900637
2871 249.45066773132012
6979 306.5315919019647
6985 239.31439320716865
3919 509.610018160393
6992 258.4195237988424
3413 1307.4551181110453
351 92.40709420289517
352 162.53694346985435
3429 771.564332390818
2918 1302.259382732896
3431 814.6494096244197
2924 467.1928435894603
2928 702.4300082531457
1909 295.87865846607946
6832 890.0983618219
4842 451.77973799731683
2942 593.9826709404273
3967 1104.7463021445878
3973 1410.5170780901544
907 110.00518910453147
3821 458.9576108444788
3472 0.0
3985 517.3141036194411
1941 676.1502074617551
1943 455.22392524134267
410 255.72356741211019
2970 596.574189060186
5616 62.10509097507142
2981 1266.1945087746212
935 173.93921662640145
2986 540.4129478039953
4523 53.29428958875607
5040 747.258030536567
5790 505.9032493985998
442 181.2404832178609
5877 552.0702803174454
3529 205.83240008977248
5578 25.90610110594821
980 758.7232174252337
3029 1207.9007858234236
3546 1582.9541459352592
118 439.5908432745024
4071 163.6777321605775
3564 104.14705940619399
494 1067.5225520218758
2544 1923.9904787131252
4862 628.4073401248226
3062 1205.9167449692536
3069 954.1161728323445
6142 23.165119914241792
2559 352.59722739258984
